990
1979
2840
11944
12280
17968
25367
29159
39994
74019
150427
174944
205306
221285
242845
306752
414095
426957
456976
525311
539072
563557
657877
732079
746459
765383
830720
882649
1270823
1349185
1404227
1484203
1491207
1827013
2010160
2074957
2279067
2337066
2363879
2381521
2509194
2657049
2770843
2831362
2930287
3009486
3049991
3070703
3398534
3523736
3569379
3681610
3714180
3956474
4611514
4848093
5006801
5277108
5352545
5462504
5684520
5840557
5864190
5875593
5917363
6008520
6061730
6337491
6653499
6881238
7010267
7196365
7359969
7421038
7533000
7907371
7949945
8223073
8346596
8415726
8873726
9022509
9038761
9073856
9324015
9646792
10492009
10617785
10712266
11006516
11218767
11275289
11287264
11610802
11642497
11784367
11921653
12589346
12651008
12719091
13148819
13307783
13365338
13438569
13715770
13773711
13958671
14266964
14413088
14824857
14960481
15654344
15823510
16444891
17444014
19192892
19443010
19898205
20048014
21618817
21621882
21780485
22064868
22353281
22931931
23580980
24341311
24824133
24840329
25150245
25532328
25621049
25938997
26493272
26969516
27366846
27537179
28656889
29254354
32662709
32892679
33097497
33125781
33884971
34485872
34723200
34858440
34959566
35814833
36572975
37174406
37479021
38441752
38860594
39208903
39407274
39726546
40055503
40639419
41357361
42851702
45383818
45864271
46850964
48689170
50015688
52545626
71924620
73797159
74437907
80431456
82235619
83303170
84048006
84102672
84511415
85824121
86328334
87191358
87330731
88741357
89455420
90463495
93864417
95704196
104958194
105590694
106590516
121349364
121872671
128671356
130166856
137834878
142252343
143949602
154131699
156024446
168590802
168898850
173931515
174377310
174596289
174865698
175827029
178968414
179078768
180359633
183912289
193471723
204195642
208048658
210466786
233676066
237010970
238233416
241643927
243868278
252018973
253094572
257812942
260749986
265685742
266252840
267494279
272537979
275139904
283840442
285623892
285792830
286624860
287003837
288270303
288991278
289368696
289841405
291591212
292056806
294006665
295208797
297257718
304713248
315255138
317471150
318940129
319401525
321754643
321963796
325099953
331402848
340472568
344310392
344896694
345828102
350610178
352699090
353888208
354589102
356198916
357197880
364763153
372291775
375080688
377586914
381493852
381758512
381919421
383806161
384374841
385552617
387028177
390245072
393225881
393603489
393638294
394867274
399775215
400962352
402229018
404110867
409789645
409790680
410495184
413387897
418167896
429445950
432131515
437729682
437953466
440464797
441596551
442254685
443289190
446171381
452015648
454540504
455317123
474165906
474824005
476103092
482483279
488388823
493819415
498949264
500601725
503586442
503770403
507647837
513870866
514710693
517449861
517759954
525306447
564796581
619966436
628609616
651322858
667978299
675942977
678682464
678690392
689867992
1350719102
1830941791
